01101010011111100000000000001100
01011000111011010111011100110011
00111110111110110000010101011100
00100110011010110100010111001000
00101100110001100101101110001010
01001111110110010001111000110110
00101001101101011101111111100101
00110111010101001010111101110010
00111101110110101110111010000001
00000110001110110111011011101101
00101011101111001110111111111000
00110011011110001111101001010011
00111101000111101100111010101101
01111100011111000010000110010110
00001011001011100111010111110110
00001000011010010111011001100101
00100111101111010000011110101111
01110101110000011100101001001101
00000100100101111010111001000011
00101111101111111001100111100011
01111001001111100010001101011110
01011010011110101100001000001000
00000000010001011100011111111110
00100001101010111001111111011000
00101000000101011101110101101001
01100001001111010011101010001111
00101001001110101111001110011100
00011011111101001101100011101101
00111001011011110010111101001110
00011010101010010110100001111010
00000100100001000001010110100000
00101101111010111000000101010011
